
1, 02, 03, 04, 05, 08, 09, 10, 11, 12, 13, 14, 15, 16, 17, 20, 21, 22, 23, 24

01, 02, 03, 04, 05, 06, 07, 08, 09, 11, 14, 15, 16, 17, 20, 21, 22, 23, 24, 25

01, 02, 03, 04, 05, 07, 08, 09, 11, 12, 14, 15, 16, 17, 20, 21, 22, 23, 24, 25
01, 02, 03, 04, 05, 07, 08, 09, 10, 12, 13, 14, 15, 17, 19, 20, 21, 22, 23, 24

01, 02, 03, 04, 05, 08, 09, 10, 11, 12, 14, 15, 16, 17, 19, 20, 21, 22, 23, 24

01, 02, 03, 04, 05, 06, 08, 09, 11, 13, 14, 15, 17, 19, 20, 21, 22, 23, 24, 25

01, 02, 03, 04, 05, 08, 09, 11, 13, 14, 15, 16, 17, 18, 19, 20, 21, 22, 23, 24